0
7
7
8
20
23
25
30
19
27
6
12
-10
-7
-23
-23
-27
-31
-22
-27
-9
-13
7
6
20
22
25
30
19
27
6
12
-10
-7
-23
-23
-27
-31
-22
-27
-9
-13
7
6
20
22
25
31
20
27
6
13
-9
-7
-23
-23
-27
-31
-22
-27
-9
-13
7
6
20
22
25
31
20
27
6
12
-10
-7
-23
-23
-27
-31
-22
-27
-9
-13
7
6
20
22
25
30
19
27
6
12
-10
-6
-22
-22
-26
-31
-22
-28
-10
-14
6
6
20
21
24
30
19
27
6
12
-10
-7
-23
-23
-27
-32
-23
-28
-10
-13
7
5
19
22
25
31
20
28
7
12
-10
-6
-22
-22
-26
-31
-22
-28
-10
-13
7
6
20
22
25
30
19
27
6
13
-9
-7
-23
-23
-27
-32
-23
-27
-9
-13
7
5
19
22
25
31
20
28
7
12
-10
-7
-23
-22
-26
-31
-22
-27
-9
-13
7
6
20
21
24
30
19
28
7
13
-9
-7
-23
-22
-26
-32
-23
-27
-9
-14
-14
-14
-14
-14
-14
-14
-14
-14
-14
-14
